1.34 0.40 -1.56 0.23 0.66 -0.54 0.35 0.01 0.06 0.06 

-0.63 -0.01 0.18 0.20 0.20 0.55 -0.14 -0.03 0.05 0.63 

0.30 -0.49 -0.78 0.11 0.54 0.48 0.17 0.10 0.06 0.51 

0.23 -0.25 0.56 0.47 0.02 -0.19 -0.07 -0.09 0.03 0.29 

0.35 -0.69 -0.12 -0.16 0.21 0.84 0.25 0.16 0.01 0.14 

0.37 -0.09 0.14 -0.03 0.01 -0.07 0.06 -0.05 0.01 0.64 

-0.35 0.65 -0.33 -0.59 0.62 0.66 0.18 -0.01 0.10 0.07 

0.50 -0.71 -0.87 0.92 0.44 0.55 0.11 -0.03 -0.01 0.10 

0.31 0.05 0.33 0.43 -0.16 -0.20 0.14 0.18 -0.07 -0.02 

0.74 -0.06 -1.20 0.67 0.38 0.23 -0.09 0.20 -0.01 0.14 

0.09 -0.11 0.31 -0.11 0.57 0.08 0.06 -0.02 -0.04 0.19 

-0.06 -0.25 0.75 -0.07 -0.22 0.27 0.16 0.02 -0.07 0.47 

