-0.06 -0.17 -0.26 0.89 0.16 0.33 0.65 0.16 -0.34 -0.37 

0.02 -0.02 0.51 1.22 -0.17 0.14 -0.06 0.35 -0.69 -0.29 

-0.42 -0.22 0.01 1.64 0.16 -0.01 0.78 -0.15 -0.22 -0.57 

-0.01 0.31 0.24 0.01 -0.03 -0.17 0.61 -0.11 0.43 -0.27 

-0.21 0.12 0.23 -0.40 -0.23 0.22 0.26 -0.18 1.16 0.03 

-0.10 0.14 0.25 -0.22 0.15 0.12 0.16 0.23 0.16 0.12 

-0.28 0.51 0.33 0.04 0.17 0.11 0.07 0.18 -0.10 -0.03 

-0.35 0.20 0.18 0.32 0.27 0.15 0.01 0.30 -0.13 0.04 

-0.06 -0.14 0.10 0.31 0.10 0.41 0.23 0.41 -0.15 -0.22 

0.40 -0.15 0.34 0.07 -0.02 0.09 -0.25 0.13 0.56 -0.16 

0.00 0.09 0.61 0.18 -0.14 0.36 0.03 0.13 -0.13 -0.13 

0.01 -0.18 0.78 0.11 -0.10 0.09 -0.22 0.25 0.06 0.21 

