-0.25 0.17 0.81 0.18 0.09 -0.26 0.33 0.00 -0.29 0.21 

-0.17 0.29 0.87 0.38 0.05 -0.30 0.24 0.00 -0.37 0.01 

-0.11 -0.08 0.55 0.65 0.13 0.02 0.25 0.00 -0.23 -0.19 

-0.39 1.14 0.23 0.23 0.12 -0.12 0.33 0.00 -0.34 -0.21 

0.23 -0.18 0.38 -0.11 -0.13 0.39 0.44 0.00 0.42 -0.43 

0.19 -0.08 0.39 -0.31 0.14 0.19 0.38 0.00 0.17 -0.06 

0.01 -0.28 0.72 -0.34 0.16 0.13 0.41 0.00 0.26 -0.07 

-0.18 0.05 0.51 0.06 0.30 0.18 0.08 0.00 0.09 -0.10 

-0.01 -0.34 0.29 0.25 0.07 0.12 0.42 0.00 0.15 0.06 

0.04 -0.19 0.38 0.00 -0.07 0.38 0.27 0.00 0.28 -0.10 

-0.13 -0.06 0.55 0.63 0.01 0.33 -0.15 0.00 0.21 -0.39 

-0.07 0.16 0.61 0.10 -0.09 -0.08 0.34 0.00 -0.13 0.17 

