-0.0480711 0.0976522 0.141595 0.952426 -0.0956871 0.119005 -0.0018459 -0.111802 -0.0387677 -0.0591605 -2.80391 

0.066669 0.0448982 0.279238 1.00516 -0.218189 0.147974 0.0106592 0.150651 -0.389209 -0.194032 -0.745448 

-0.150152 0.172717 -0.108568 1.17718 -0.157008 -0.232773 0.680116 -0.341281 0.00329658 -0.255803 -0.688187 

0.220844 -0.36652 0.718877 0.0159754 -0.177732 -0.410393 0.54953 -0.049964 0.554093 -0.388536 2.7974 

-0.0754973 0.0319784 0.380327 -0.479554 -0.171426 0.119142 0.416278 0.122399 0.375831 0.140582 3.31392 

-0.110651 0.066433 0.467776 -0.130465 0.268838 -0.00277405 0.168591 0.346756 -0.275632 0.0850428 3.12119 

-0.270148 0.115948 0.404707 -0.0398289 0.307981 0.249464 0.122161 -0.0539954 0.0836728 -0.0623255 1.10372 

-0.238117 -0.00058556 0.157136 0.300982 0.167583 0.129678 0.0118389 0.38298 -0.0848778 0.101544 1.30145 

0.0520094 -0.166113 0.149649 0.232135 -0.0192801 0.141911 0.271105 0.202123 0.000110732 0.0125737 1.98223 

0.260376 -0.170754 0.387903 0.17492 -0.132855 0.116877 0.341128 0.352743 -0.588182 0.0265741 3.78578 

0.0676655 0.0304697 0.470796 0.239042 -0.160709 0.331615 0.214454 0.126177 -0.285144 -0.15843 0.37474 

0.0982748 -0.110624 0.50514 0.0683288 -0.190358 0.0302211 0.0392595 -0.177891 0.371202 0.240918 -1.31401 

