-0.108534 0.0525435 0.55525 0.424524 -0.0938611 -0.188109 0.0417233 0.199871 -0.0964701 0 -1.4141 

-0.044842 0.384569 0.684896 0.406597 -0.117936 -0.22723 -0.0138419 0.0709873 -0.325085 0 -0.713803 

0.0668196 -0.0653432 0.801844 0.306049 -0.051002 -0.126389 0.102958 -0.151478 -0.0869453 0 0.030601 

-0.00532003 0.654806 0.589518 0.187365 0.105743 -0.0897634 -0.281849 -0.478056 0.133049 0 0.503903 

0.245107 0.0129152 0.42665 -0.348996 -0.280894 0.22332 0.486501 0.0815861 0.100284 0 2.13383 

0.139812 -0.101659 0.582433 -0.322782 0.258988 0.111651 0.09805 0.00756828 0.0364991 0 3.8243 

0.00715437 -0.348318 0.578466 -0.130699 0.229204 0.0313127 0.338602 0.034585 0.106207 0 3.13035 

0.0432976 -0.506072 0.617614 0.0420565 0.015167 0.0261155 0.483313 0.0768615 0.00386192 0 5.35363 

-0.0103462 -0.262247 0.311364 0.168888 -0.0206035 0.0858756 0.469321 0.151927 0.0702393 0 1.00498 

0.047971 -0.132047 0.426716 -0.0914184 -0.0848544 0.266505 0.209056 0.206514 0.0544496 0 1.53844 

-0.0268986 -0.149667 0.492114 0.624474 -0.0239299 0.351418 -0.263935 -0.372057 0.273451 0 -0.0293215 

-0.0415075 0.111823 0.504312 0.402884 -0.258757 -0.138994 0.134377 0.155837 0.042961 0 -1.36673 

