0.696097 0.590473 -1.11412 -0.305286 0.824879 -0.328129 0.240157 -0.0793873 -0.133355 0.11566 1.2888 

-0.603722 0.074267 0.349851 0.188076 0.326363 0.605543 -0.0919384 -0.0158246 0.0486265 0.701639 -0.647318 

0.253943 -0.444063 -0.442586 0.125735 0.807897 0.519609 0.0304906 0.105083 0.0840089 0.547149 -0.376648 

0.226429 -0.49683 0.462226 0.366171 0.11181 -0.0366207 0.02768 -0.0702475 0.0744837 0.31407 -0.44049 

0.141646 -1.18121 -0.387115 -0.496584 0.102694 0.0657081 0.0317357 0.0340396 -0.00796412 -0.350821 0.851829 

0.430702 -0.227148 0.0414264 -0.0314421 -0.0158851 -0.0878832 0.0522289 -0.0553454 0.00533805 0.590735 0.106367 

-0.399565 0.0609957 -0.438052 -0.37576 0.0277899 0.102887 0.137038 0.0489411 0.0415109 -0.353805 1.84651 

0.307511 -0.723763 -1.13597 0.704487 0.0185016 -0.0119386 0.0878504 -0.00719213 0.00326151 -0.0517465 1.88643 

0.168027 -0.00195333 0.522284 0.210266 -0.241768 -0.278308 0.0617121 0.179607 -0.0387617 -0.185517 0.258053 

0.351075 -0.0740969 0.0783432 0.670831 0.121983 -0.269877 -0.110062 -0.00352659 0.00657193 -0.223165 -0.588806 

0.0997901 -0.00441494 0.0160941 -0.195245 0.568461 -0.0357829 0.00893391 -0.0176534 -0.0361585 0.256453 -0.254759 

0.0642074 -0.192359 0.10811 0.0202758 -0.0947359 -0.0406305 0.0897437 0.0155192 -0.0787802 -0.236947 0.189637 

