1.34336 0.396557 -1.56437 0.22879 0.658668 -0.537946 0.346317 0.0108189 0.0581575 0.0596396 

-0.634986 -0.00796277 0.18148 0.198649 0.202578 0.546381 -0.136291 -0.029551 0.0476114 0.632091 

0.296228 -0.492804 -0.776504 0.11072 0.542473 0.484191 0.166793 0.10036 0.0565435 0.512 

0.226568 -0.253213 0.562403 0.465182 0.0248825 -0.193397 -0.0683997 -0.086992 0.030716 0.292249 

0.351807 -0.68785 -0.120501 -0.16242 0.207103 0.841493 0.254652 0.163216 0.013601 0.1389 

0.370084 -0.0860786 0.139923 -0.0309051 0.0105004 -0.0687311 0.0647749 -0.047065 0.00775673 0.639741 

-0.350821 0.653306 -0.327228 -0.591554 0.615248 0.661489 0.179627 -0.0122785 0.10373 0.0684809 

0.497759 -0.708302 -0.868812 0.917803 0.436341 0.554869 0.111524 -0.0293335 -0.0144574 0.102609 

0.312387 0.0472941 0.331384 0.433387 -0.159914 -0.198405 0.142662 0.175078 -0.0650033 -0.0188706 

0.744637 -0.0585819 -1.20157 0.66606 0.376529 0.232967 -0.0912177 0.200486 -0.0062125 0.136906 

0.0887137 -0.108057 0.308902 -0.113735 0.565712 0.0788577 0.0565555 -0.0243314 -0.0394404 0.186823 

-0.0624271 -0.246882 0.7462 -0.0739369 -0.217163 0.265782 0.163505 0.0246935 -0.0706721 0.4709 

